Filename: resources/1.
Redaction Indexes: {458, 459, 460, 461, 462, 463, 312, 313, 314, 315, 316, 317, 318, 319, 320, 321, 322, 323, 324, 325, 326, 327, 328, 2242, 2243, 2244, 2245, 2246, 2247, 2248, 2249, 2250, 2251, 2252, 2253, 2254, 2255, 2256, 2257, 2258, 456, 457}
Redaction Stats:
	names:   5
	genders: 0
	dates:   0
	phones:  0
	address: 0
	concept: 0
Filename: resources/14.
Redaction Indexes: {553, 554, 555, 556, 557, 560, 561, 562, 563, 564, 599, 600, 601, 602, 603, 604, 626, 627, 628, 629, 630, 115, 632, 633, 634, 635, 636, 116, 117, 118, 119, 229, 230, 135, 136, 137, 138, 139, 646, 647, 648, 649, 650, 653, 654, 655, 656, 657, 141, 142, 143, 144, 145, 146, 159, 160, 161, 162, 163, 680, 681, 682, 683, 684, 701, 702, 703, 704, 705, 220, 221, 222, 223, 224, 226, 227, 228, 2789, 2790, 2791, 2792, 2793, 2794, 2795, 2796, 2797, 2798, 2799, 2289, 2290, 2291, 2292, 2293, 2835, 2836, 2837, 2838, 2839, 2840, 2841, 2842, 2843, 2844, 2845, 2846, 2847, 2848, 2849, 2850, 340, 341, 342, 343, 344, 346, 347, 348, 349, 350, 872, 873, 874, 875, 876, 877, 878, 879, 880, 881, 882, 370, 371, 372, 373, 887, 888, 374, 883, 884, 885, 886, 417, 418, 419, 420, 421, 422, 423, 432, 433, 434, 435, 436, 437, 440, 441, 442, 443, 444, 480, 481, 482, 483, 484, 485, 498, 499, 500, 501, 502}
Redaction Stats:
	names:   32
	genders: 0
	dates:   0
	phones:  0
	address: 0
	concept: 0
Filename: resources/16.
Redaction Indexes: {388, 389, 390, 391, 392, 134, 135, 136, 140, 141, 142, 143, 144, 137, 138, 288, 289, 290, 291, 292, 421, 422, 423, 424, 425, 695, 696, 697, 698, 699, 448, 449, 450, 451, 452, 854, 855, 722, 723, 724, 341, 342, 343, 344, 345, 725, 726, 348, 349, 350, 351, 352, 856, 857, 858, 108, 109, 110, 111, 112, 625, 626, 627, 628, 629, 632, 633, 634, 635, 636}
Redaction Stats:
	names:   14
	genders: 0
	dates:   0
	phones:  0
	address: 0
	concept: 0
Filename: resources/184.
Redaction Indexes: {512, 513, 1054, 1055, 1056, 1057, 1058, 1059, 1061, 1062, 1063, 1064, 1065, 1066, 1067, 1068, 1069, 574, 575, 576, 577, 578, 579, 580, 581, 582, 585, 586, 587, 588, 589, 590, 106, 107, 108, 109, 110, 112, 113, 114, 115, 116, 635, 636, 637, 638, 639, 642, 643, 644, 645, 646, 132, 133, 134, 135, 137, 138, 139, 140, 672, 673, 674, 675, 676, 677, 680, 681, 682, 683, 684, 685, 686, 687, 690, 691, 692, 693, 694, 695, 184, 697, 185, 186, 187, 188, 189, 190, 191, 192, 193, 194, 719, 720, 721, 722, 723, 724, 725, 726, 729, 730, 731, 732, 733, 734, 735, 736, 737, 740, 741, 742, 743, 746, 747, 748, 749, 750, 751, 752, 753, 754, 757, 758, 759, 760, 761, 762, 765, 766, 767, 768, 769, 770, 792, 793, 794, 795, 297, 298, 299, 300, 301, 304, 305, 306, 307, 308, 825, 826, 827, 828, 829, 830, 831, 832, 833, 834, 835, 845, 846, 847, 848, 344, 345, 346, 347, 348, 357, 358, 359, 360, 363, 364, 365, 366, 402, 403, 404, 405, 696, 434, 435, 436, 437, 438, 440, 441, 442, 443, 444, 454, 455, 456, 457, 458, 461, 462, 463, 464, 465, 987, 988, 989, 990, 991, 992, 993, 994, 995, 996, 997, 998, 999, 1000, 1001, 1002, 1003, 1004, 1005, 488, 489, 490, 491, 492, 509, 510, 511}
Redaction Stats:
	names:   39
	genders: 0
	dates:   0
	phones:  0
	address: 0
	concept: 0
Filename: resources/20.
Redaction Indexes: {403, 404, 405, 406, 407, 282, 283, 284, 285, 286, 287, 288, 289, 290, 291, 292, 293, 294, 295, 424, 425, 426, 427, 428, 346, 347, 348, 349, 350, 351, 353, 354, 355, 356, 357, 107, 108, 109, 110, 111, 112, 114, 115, 116, 117, 118}
Redaction Stats:
	names:   8
	genders: 0
	dates:   0
	phones:  0
	address: 0
	concept: 0
Filename: resources/21.
Redaction Indexes: {128, 129, 130, 131, 400, 401, 274, 275, 276, 277, 402, 403, 404, 810, 811, 300, 301, 302, 303, 304, 812, 813, 479, 480, 481, 482, 483, 492, 493, 494, 495, 110, 111, 112, 113, 373, 374, 375, 376, 377, 127}
Redaction Stats:
	names:   9
	genders: 0
	dates:   0
	phones:  0
	address: 0
	concept: 0
Filename: resources/25.
Redaction Indexes: {1096, 1097, 1098, 1099, 1100, 2637, 2638, 2639, 2640, 2641, 2642, 2643, 2644, 2645, 2646, 1103, 1104, 1105, 1106, 1107, 1108, 110, 111, 112, 113, 114, 2690, 2691, 2692, 2693, 1158, 1159, 1160, 1161, 1162, 1163, 1164, 1165, 1166, 1167, 1168, 2696, 2697, 2698, 2699, 2700, 2701, 2702, 2703, 145, 146, 147, 148, 149, 150, 136, 137, 138, 2747, 2748, 2749, 2750, 2751, 2752, 139, 140, 1218, 1219, 1220, 141, 1221, 1222, 142, 143, 2694, 2695, 291, 292, 293, 294, 295, 300, 301, 302, 303, 1328, 1329, 1330, 1331, 304, 310, 311, 312, 313, 314, 339, 340, 341, 342, 343, 344, 345, 346, 347, 348, 349, 350, 351, 352, 353, 890, 891, 892, 893, 894, 381, 382, 383, 384, 385, 386, 387, 388, 390, 391, 392, 393, 394, 395, 946, 947, 948, 949, 950, 446, 447, 448, 449, 450, 451, 965, 966, 967, 968, 969, 970, 971, 972, 973, 974, 468, 469, 470, 471, 472, 473, 480, 481, 482}
Redaction Stats:
	names:   30
	genders: 0
	dates:   0
	phones:  0
	address: 0
	concept: 0
Filename: resources/27.
Redaction Indexes: {520, 521, 522, 106, 107, 108, 109, 111, 112, 113, 114, 115, 116, 132, 133, 134, 136, 137, 138, 139, 140, 141, 142, 143, 144, 145, 1184, 1185, 1186, 1187, 201, 202, 203, 204, 205, 207, 208, 209, 210, 211, 212, 322, 323, 324, 325, 326, 328, 329, 330, 331, 332, 333, 353, 354, 355, 356, 357, 358, 359, 360, 361, 362, 363, 371, 372, 373, 374, 375, 376, 377, 378, 379, 380, 381, 382, 383, 384, 392, 393, 394, 395, 396, 397, 398, 399, 400, 401, 402, 403}
Redaction Stats:
	names:   16
	genders: 0
	dates:   0
	phones:  0
	address: 0
	concept: 0
Filename: resources/40.txt
Redaction Indexes: {1024, 1025, 1026, 1027, 1028, 1029, 1030, 1031, 1032, 1033, 1034, 1035, 1036, 1037, 1541, 1542, 1543, 1544, 1049, 1050, 1051, 1052, 1055, 1056, 1057, 1058, 515, 516, 517, 518, 519, 1084, 1085, 1086, 1087, 1088, 1089, 1539, 1540, 1098, 1099, 1100, 1101, 1102, 1103, 1104, 1105, 1106, 1107, 117, 118, 1110, 1111, 1112, 1113, 1114, 1115, 1118, 1119, 1120, 1121, 1122, 1125, 1126, 1127, 1128, 1129, 1130, 108, 109, 110, 111, 112, 114, 1139, 1140, 1141, 1142, 1143, 1144, 115, 116, 1147, 1148, 1149, 1659, 1660, 1152, 1153, 1154, 1155, 1156, 1157, 1661, 1662, 1663, 1664, 1665, 1666, 1667, 1668, 1669, 1670, 1671, 1672, 1673, 1674, 1675, 141, 142, 663, 664, 665, 666, 667, 668, 669, 670, 671, 672, 675, 676, 677, 678, 679, 680, 134, 135, 136, 137, 138, 139, 1213, 1214, 1215, 1216, 1217, 143, 144, 730, 731, 732, 733, 734, 145, 146, 737, 738, 739, 740, 741, 147, 148, 149, 150, 774, 775, 776, 777, 778, 1286, 1287, 1293, 1294, 1295, 1296, 1297, 1289, 1290, 293, 294, 295, 296, 297, 300, 301, 302, 303, 304, 1288, 1362, 1363, 340, 341, 342, 343, 344, 1364, 1365, 1366, 353, 354, 355, 356, 357, 358, 359, 360, 361, 362, 365, 366, 367, 368, 369, 370, 1947, 1948, 1949, 1950, 1951, 1952, 1953, 1954, 1955, 1956, 1957, 940, 941, 942, 943, 944, 947, 948, 949, 950, 951, 440, 441, 442, 443, 444, 446, 447, 448, 449, 450, 460, 461, 462, 463, 464, 467, 468, 2005, 2006, 2007, 2008, 2009, 2010, 469, 470, 471, 1001, 1002, 1003, 1004, 1005, 1006, 1007, 1008, 1009, 1010, 1011, 1012, 494, 495, 496, 497, 498}
Redaction Stats:
	names:   46
	genders: 0
	dates:   0
	phones:  0
	address: 0
	concept: 0
Filename: resources/54.
Redaction Indexes: {526, 527, 528, 286, 287, 288, 289, 290, 291, 292, 293, 294, 295, 296, 297, 298, 299, 421, 422, 558, 559, 560, 561, 562, 563, 366, 367, 441, 442, 443, 444, 368, 423, 424, 375, 376, 108, 109, 110, 111, 112, 113, 114, 365, 116, 117, 118, 119, 373, 374, 369, 370, 371}
Redaction Stats:
	names:   10
	genders: 0
	dates:   0
	phones:  0
	address: 0
	concept: 0
Filename: resources/66.
Redaction Indexes: {1069, 1070, 1071, 106, 107, 108, 109, 110, 132, 133, 134, 135, 136, 137, 138, 139, 140, 141, 142, 1763, 1764, 1253, 1254, 1255, 1765, 2815, 2816, 2817, 2818, 2819, 280, 281, 282, 283, 284, 333, 334, 335, 336, 337, 338, 339, 340, 341, 342, 343, 344, 866, 867, 356, 357, 358, 868, 359, 360, 362, 363, 364, 365, 366, 361, 1915, 1916, 1917, 409, 410, 411, 412, 413, 436, 949, 950, 951, 437, 438, 439, 440, 1995, 1996, 1997}
Redaction Stats:
	names:   18
	genders: 0
	dates:   0
	phones:  0
	address: 0
	concept: 0
Filename: resources/holiday1.
Redaction Indexes: {520, 521, 522, 523, 1036, 1037, 1038, 524, 525, 1046, 1047, 1048, 535, 536, 537, 538, 539, 540, 556, 557, 558, 571, 572, 573, 574, 575, 576, 1091, 1092, 1093, 593, 594, 595, 596, 597, 598, 1134, 1135, 1136, 1161, 1162, 651, 652, 653, 1163, 1173, 1174, 1175, 200, 201, 202, 724, 725, 726, 727, 728, 729, 730, 731, 732, 733, 734, 735, 736, 737, 738, 739, 740, 741, 742, 743, 744, 745, 762, 763, 764, 817, 818, 819, 827, 828, 829, 843, 844, 845, 846, 847, 848, 849, 850, 851, 852, 853, 854, 855, 856, 857, 858, 859, 860, 861, 862, 863, 864, 870, 871, 872, 898, 899, 900, 907, 908, 909, 933, 934, 935, 942, 943, 944, 967, 968, 969, 978, 979, 980, 996, 997, 998, 1006, 1007, 1008}
Redaction Stats:
	names:   31
	genders: 0
	dates:   0
	phones:  0
	address: 0
	concept: 0
Filename: resources/kid1.
Redaction Indexes: {512, 513, 1027, 516, 517, 518, 519, 520, 521, 522, 1028, 1029, 1030, 1031, 1054, 1055, 1056, 1057, 1058, 577, 578, 579, 580, 581, 114, 115, 116, 117, 118, 633, 634, 635, 636, 637, 134, 135, 136, 137, 138, 139, 140, 142, 143, 144, 145, 146, 147, 148, 149, 150, 1175, 1176, 1177, 1178, 1179, 1180, 1181, 151, 164, 165, 166, 167, 168, 681, 682, 683, 684, 685, 686, 687, 688, 689, 692, 693, 694, 695, 696, 697, 192, 193, 194, 195, 196, 215, 216, 217, 218, 219, 732, 733, 734, 735, 736, 737, 738, 739, 740, 220, 222, 223, 224, 225, 226, 227, 228, 229, 230, 248, 249, 250, 251, 252, 253, 266, 267, 268, 781, 782, 783, 784, 785, 786, 269, 270, 789, 790, 791, 792, 793, 794, 795, 796, 797, 277, 278, 279, 280, 281, 282, 283, 284, 299, 300, 301, 302, 303, 304, 836, 837, 838, 839, 840, 841, 845, 846, 847, 848, 849, 850, 851, 852, 853, 854, 855, 856, 271, 859, 860, 861, 862, 863, 864, 273, 274, 275, 276, 899, 900, 901, 902, 903, 904, 905, 906, 907, 442, 443, 444, 445, 446, 954, 955, 956, 957, 958, 959, 489, 490, 491, 492, 493, 494, 495, 504, 505, 506, 507, 508, 509, 510, 511}
Redaction Stats:
	names:   31
	genders: 0
	dates:   0
	phones:  0
	address: 0
	concept: 0
